major minor  #blocks  name

 259        0  488386584 nvme0n1
 259        2     102400 nvme0n1p1
 259        3      16384 nvme0n1p2
 259        4  487740152 nvme0n1p3
 259        5     525312 nvme0n1p4
 259        1 1953514584 nvme1n1
 259        6      10240 nvme1n1p1
 259        7     512000 nvme1n1p2
 259        8  100663296 nvme1n1p3
 259        9 1852328007 nvme1n1p4
   8        0 1953514584 sda
   8        1 1953513472 sda1
   8       16  488386584 sdb
   8       32   30044160 sdc
   8       33   30040526 sdc1
   8       48  976762582 sdd
   8       49  976760832 sdd1
   8       64   15581248 sde
   8       65    8388608 sde1
   8       66    7191552 sde2
 254        0    8372224 dm-0
